{epoch}	{avg_fc_cos_max}	{avg_fc_ang_min}	{fc_cos_max}	{fc_ang_min}	{fc_cos_mat}	{fc_ang_mat}	{fc_wt}
0	0.565521359444	53.8877563477	[-0.06323571503162384, 0.5164058208465576, 0.7150134444236755, 0.7628306150436401, 0.7796338200569153, 0.7948315739631653, 0.22707736492156982, 0.7948315739631653, 0.579227089881897, 0.5485976934432983]	[93.62556457519531, 58.908538818359375, 44.3557014465332, 40.285621643066406, 38.7729377746582, 37.36064910888672, 76.87493896484375, 37.36064910888672, 54.603797912597656, 56.7291374206543]	[[1.0, -0.5316418409347534, -0.7058595418930054, -0.7490874528884888, -0.7712579965591431, -0.7780278921127319, -0.06323571503162384, -0.7387865781784058, -0.5891737937927246, -0.5609184503555298], [-0.5316418409347534, 1.0, 0.36017030477523804, 0.4610365033149719, 0.4260372221469879, 0.4810316562652588, -0.1526985913515091, 0.45889174938201904, 0.5164058208465576, 0.4536072909832001], [-0.7058595418930054, 0.36017030477523804, 0.9999999403953552, 0.6943532228469849, 0.7150134444236755, 0.6779152154922485, 0.22707736492156982, 0.5961694717407227, 0.5214798450469971, 0.5403731465339661], [-0.7490874528884888, 0.4610365033149719, 0.6943532228469849, 0.9999999403953552, 0.6620581150054932, 0.7593618631362915, 0.15967345237731934, 0.7628306150436401, 0.5541970729827881, 0.5148184299468994], [-0.7712579965591431, 0.4260372221469879, 0.7150134444236755, 0.6620581150054932, 0.9999999403953552, 0.7796338200569153, 0.1224767416715622, 0.7301292419433594, 0.5521847009658813, 0.4683833718299866], [-0.7780278921127319, 0.4810316562652588, 0.6779152154922485, 0.7593618631362915, 0.7796338200569153, 0.9999998211860657, 0.13880562782287598, 0.7948315739631653, 0.579227089881897, 0.42682045698165894], [-0.06323571503162384, -0.1526985913515091, 0.22707736492156982, 0.15967345237731934, 0.1224767416715622, 0.13880562782287598, 0.9999998211860657, 0.01527465134859085, -0.04030579328536987, -0.21843573451042175], [-0.7387865781784058, 0.45889174938201904, 0.5961694717407227, 0.7628306150436401, 0.7301292419433594, 0.7948315739631653, 0.01527465134859085, 0.9999998807907104, 0.5711296796798706, 0.45675715804100037], [-0.5891737937927246, 0.5164058208465576, 0.5214798450469971, 0.5541970729827881, 0.5521847009658813, 0.579227089881897, -0.04030579328536987, 0.5711296796798706, 1.0, 0.5485976934432983], [-0.5609184503555298, 0.4536072909832001, 0.5403731465339661, 0.5148184299468994, 0.4683833718299866, 0.42682045698165894, -0.21843573451042175, 0.45675715804100037, 0.5485976934432983, 1.0]]	[[0.0, 122.116455078125, 134.89903259277344, 138.5113983154297, 140.46697998046875, 141.0803680419922, 93.62556457519531, 137.62815856933594, 126.09840393066406, 124.11934661865234], [122.116455078125, 0.0, 68.88934326171875, 62.54598617553711, 64.7836685180664, 61.24720001220703, 98.78334045410156, 62.68438720703125, 58.908538818359375, 63.02463912963867], [134.89903259277344, 68.88934326171875, 0.01978234015405178, 46.0243034362793, 44.3557014465332, 47.319053649902344, 76.87493896484375, 53.40394973754883, 58.56843566894531, 57.29095458984375], [138.5113983154297, 62.54598617553711, 46.0243034362793, 0.01978234015405178, 48.54297637939453, 40.59202575683594, 80.81205749511719, 40.285621643066406, 56.344573974609375, 59.014678955078125], [140.46697998046875, 64.7836685180664, 44.3557014465332, 48.54297637939453, 0.01978234015405178, 38.7729377746582, 82.9649429321289, 43.10276794433594, 56.48297882080078, 62.07059097290039], [141.0803680419922, 61.24720001220703, 47.319053649902344, 40.59202575683594, 38.7729377746582, 0.03426402062177658, 82.0212631225586, 37.36064910888672, 54.603797912597656, 64.73405456542969], [93.62556457519531, 98.78334045410156, 76.87493896484375, 80.81205749511719, 82.9649429321289, 82.0212631225586, 0.03426402062177658, 89.12479400634766, 92.30998229980469, 102.6171646118164], [137.62815856933594, 62.68438720703125, 53.40394973754883, 40.285621643066406, 43.10276794433594, 37.36064910888672, 89.12479400634766, 0.02797645330429077, 55.170955657958984, 62.82194900512695], [126.09840393066406, 58.908538818359375, 58.56843566894531, 56.344573974609375, 56.48297882080078, 54.603797912597656, 92.30998229980469, 55.170955657958984, 0.0, 56.7291374206543], [124.11934661865234, 63.02463912963867, 57.29095458984375, 59.014678955078125, 62.07059097290039, 64.73405456542969, 102.6171646118164, 62.82194900512695, 56.7291374206543, 0.0]]	[[-2.75875186920166, -1.3857899904251099, -2.902757167816162, -2.0014755725860596, -1.0990763902664185, -3.1130566596984863, -1.2724355459213257, -1.6919965744018555, -2.0835494995117188, -1.0155417919158936, -2.744157552719116, -1.2897953987121582, -2.1667745113372803, -0.869433581829071, -0.9426088333129883, -0.33992964029312134, -2.5534939765930176, -1.8973031044006348, -1.0274699926376343, -2.348721504211426, -1.6132744550704956, -2.529935359954834, -1.9357218742370605, -1.6563503742218018, -0.9961550235748291, -2.713231325149536, -0.8113352060317993, -3.5055859088897705, -2.234060049057007, -2.6562395095825195, -0.8143563270568848, -2.369164228439331, -1.977437973022461, -0.46050727367401123, -2.444756031036377, -0.8105469942092896, -1.3049085140228271, -1.0132555961608887, -0.6859966516494751, -1.548417568206787, -3.7574117183685303, -1.5239969491958618, -2.3080127239227295, -1.7490261793136597, -2.1082048416137695, -1.4390060901641846, -2.7803938388824463, -1.1007282733917236, -0.9935605525970459, -0.7280197739601135, -2.3504559993743896, -2.2807981967926025, -0.8565210103988647, -1.967502236366272, -0.45047372579574585, -1.7669740915298462, -1.147910475730896, -1.5819050073623657, -3.1197779178619385, -2.40766978263855, -2.8630547523498535, 0.9657238721847534, 0.10319042205810547, -2.262207508087158], [0.2740780711174011, 0.33889228105545044, 0.5559267997741699, -0.08559423685073853, 0.36634325981140137, 0.2272915095090866, 0.016090571880340576, 0.3811970353126526, 0.9776558876037598, -0.42134663462638855, -0.040142979472875595, -0.7606685757637024, 1.4312583208084106, -0.2708766758441925, 0.7363693118095398, 0.9642637968063354, 0.8636623024940491, 0.4999218285083771, 0.024393223226070404, -0.10849230736494064, 0.4215299189090729, 0.4538964033126831, -0.2354564517736435, 0.04853679984807968, 1.0094627141952515, 0.9784961342811584, -0.6925499439239502, 0.5588285326957703, 0.4230547845363617, 0.5565375685691833, 0.7502762675285339, 0.7405096292495728, -0.3654122054576874, -0.08764342218637466, -0.20761950314044952, -0.09760183095932007, 0.709343671798706, 0.9391419887542725, 0.16037572920322418, 0.5240889191627502, 0.8956432342529297, 0.3380948305130005, -0.18721207976341248, 0.5287758708000183, 0.8219603300094604, -0.0018384985160082579, -0.32474541664123535, 0.3518502116203308, 0.28189757466316223, 1.0126465559005737, -0.10705749690532684, 0.26270797848701477, -0.02316991612315178, 0.023523861542344093, 0.39046207070350647, 0.2976457178592682, -0.571153998374939, 0.13972005248069763, 0.4572034478187561, 0.08054039627313614, 0.7436408400535583, 0.09509379416704178, 0.7312642931938171, 0.33715197443962097], [0.9298436641693115, 1.3624671697616577, 0.6635554432868958, 1.099567174911499, -0.30461642146110535, 1.4339193105697632, -0.10077852010726929, 0.5936504006385803, 0.8758890628814697, 0.11687922477722168, 0.3563997149467468, -0.164882093667984, 1.7800663709640503, 1.33865487575531, -0.04839912801980972, -0.23633290827274323, 0.6919838190078735, 0.25165045261383057, 0.2117280811071396, 0.1765516698360443, 1.037459373474121, 0.6094357967376709, 0.3264347016811371, 1.3710771799087524, -0.5484893918037415, 0.13188087940216064, 0.5183263421058655, 0.1423582136631012, 0.17674319446086884, 0.42335832118988037, -0.33845195174217224, 1.3064601421356201, 0.38420966267585754, 0.8580568432807922, 0.2670608460903168, 1.2609331607818604, 0.8932178616523743, 0.8647855520248413, 0.3472214639186859, 0.257318377494812, 0.09601198881864548, 0.8588712215423584, 0.8070862889289856, 0.8584548830986023, 0.23905932903289795, 0.7475864887237549, 0.6632720828056335, 1.1521258354187012, 1.0719643831253052, -0.14700275659561157, 0.49601343274116516, 0.36120861768722534, 0.49579527974128723, 1.2030980587005615, 0.09654529392719269, 1.1107794046401978, 0.48012739419937134, 0.0679658055305481, 0.03669650852680206, 0.6218178272247314, 0.9554817080497742, -0.872425377368927, -0.12379228323698044, 0.4203793406486511], [-0.042245037853717804, 0.7436290383338928, 0.09699326753616333, 0.2324741929769516, 0.41337329149246216, 0.5714542269706726, -0.12580572068691254, 0.276274174451828, 0.8503187298774719, 0.18832598626613617, 0.8954530954360962, -0.13123884797096252, 0.3225318491458893, 0.05790546163916588, 0.322306364774704, 0.1580754518508911, 0.8740713000297546, 0.18637672066688538, 0.7901889085769653, 0.44798189401626587, 0.9881754517555237, 0.5337302088737488, -0.03450677543878555, 0.2801022231578827, -0.05606488883495331, 0.5850839614868164, 0.48818063735961914, 0.49404972791671753, 0.4137357473373413, 0.1110699400305748, 0.05558118224143982, 1.1634689569473267, 0.2421024888753891, 0.43616312742233276, 0.38206395506858826, 0.1588185727596283, 1.0907585620880127, 0.43801015615463257, 0.060525987297296524, 0.5123575329780579, 0.42552199959754944, 1.1111658811569214, 0.856586754322052, 0.29298391938209534, 0.18460415303707123, -0.23276576399803162, 0.08633702248334885, 0.8979995250701904, 0.556954562664032, 0.4323124289512634, 0.8314043283462524, 0.6552661061286926, -0.21344707906246185, 0.26047009229660034, -0.12706784904003143, 0.8017277121543884, 1.08528470993042, 0.8924539685249329, 0.6775550246238708, 0.6403295993804932, 0.5961584448814392, -1.0176033973693848, 0.06718754023313522, 0.37411460280418396], [0.7452076077461243, 0.2688855230808258, 0.31633812189102173, 0.9501494765281677, 0.23763270676136017, 0.7756472826004028, -0.01738598197698593, 0.434205025434494, 0.49522629380226135, -0.07770240306854248, 0.5313880443572998, 0.07457040250301361, 0.22803351283073425, 0.0352230966091156, 0.5570992827415466, -0.01699056103825569, 0.39713504910469055, 0.6778302788734436, 0.1211857870221138, 0.6996347308158875, 0.5004941821098328, 0.4728032350540161, 0.5078069567680359, 1.0117459297180176, 0.3254852294921875, 0.4640286862850189, 0.0017074387287721038, 0.5270463228225708, 0.5466451048851013, 0.005074142944067717, 0.6845507025718689, 0.8519805669784546, 0.503801167011261, 0.4890962541103363, 0.3863722085952759, 0.06058672443032265, 0.3054756224155426, 0.969948410987854, 0.7107928991317749, 0.24447359144687653, 0.18956874310970306, 0.36581623554229736, 0.44117122888565063, 0.5970291495323181, 0.04299487918615341, 0.010414534248411655, 0.5152359008789062, 0.4739023745059967, 0.4777832627296448, -0.20493680238723755, 0.8849461674690247, 0.22962085902690887, 0.7291809916496277, 0.5922262072563171, 0.6241400241851807, 0.21136023104190826, 0.23232799768447876, 0.2606280744075775, 0.06513883173465729, 0.3361937403678894, 0.20962262153625488, -0.7359229922294617, -0.01607307232916355, 0.010894501581788063], [0.6620934009552002, 0.79728764295578, 0.8135153651237488, 0.18438883125782013, 0.116280697286129, 0.43763968348503113, 0.052058007568120956, 0.3346365690231323, 0.20366409420967102, 0.3274858593940735, 0.7419406175613403, 0.21151970326900482, 0.4780835807323456, 0.7465735077857971, 0.10127366334199905, 0.4691685438156128, 0.7679380774497986, 0.5900552272796631, 0.4672909379005432, 1.1777697801589966, 0.313951700925827, 0.6896074414253235, 0.2902368903160095, 0.7477008700370789, 0.22265081107616425, 0.7758650779724121, 0.10064949095249176, 0.1944727599620819, 0.07711285352706909, 0.3376791179180145, 0.5258082151412964, 0.2848111391067505, 0.28288665413856506, 0.11502005159854889, 0.23809383809566498, 0.09368573874235153, 1.0079069137573242, 0.7099668979644775, 0.07306000590324402, 0.537666916847229, 0.30643561482429504, 0.9394367933273315, 0.4333587884902954, 0.35968056321144104, 0.20628100633621216, -0.12582696974277496, 0.3042331337928772, 0.43920543789863586, 0.40207967162132263, 0.08731763809919357, 0.9911815524101257, 0.4988243579864502, 0.3257870376110077, 0.21669700741767883, 0.4911886155605316, 0.1927770972251892, 0.10838921368122101, 0.7958624958992004, 0.17191097140312195, 0.5920068025588989, 0.3708779215812683, -0.9026657938957214, 0.1565249264240265, -0.10453186184167862], [0.4252946674823761, -0.51767897605896, 0.3292849659919739, 0.5873658657073975, -1.4623631238937378, 1.122875452041626, -1.181195616722107, 0.10311798006296158, -1.0938072204589844, 0.2957457900047302, -0.03473423048853874, 0.5574753880500793, 0.10682373493909836, -1.238857626914978, 0.2814250588417053, -0.20753805339336395, -0.6384846568107605, 1.0385377407073975, 0.2833178639411926, 0.20385049283504486, 0.18912523984909058, 0.3695586919784546, 0.08940406143665314, 0.4599440097808838, -0.9660495519638062, -0.2196519374847412, 0.03601840138435364, -0.3775848150253296, -1.839853286743164, 0.4281523525714874, -1.6026320457458496, 0.7825180888175964, 0.445288747549057, -0.7750205993652344, -0.4618648290634155, 0.024395359680056572, 1.0039708614349365, -0.06934760510921478, -0.2607188820838928, 0.5141972899436951, -0.3176676332950592, -0.22339299321174622, 0.7486966848373413, 0.6535993814468384, -1.0733706951141357, 0.5851576328277588, -0.23960156738758087, -0.3565841019153595, 0.7839452624320984, 0.20803220570087433, 0.36164531111717224, 0.6027866005897522, 1.3480727672576904, -0.7345641851425171, -1.2408123016357422, 0.3559252917766571, 1.0676919221878052, -0.24844291806221008, -0.060470398515462875, 0.097324438393116, 1.0108816623687744, -1.7510017156600952, 0.22897394001483917, -0.8100438714027405], [-0.03689153492450714, 0.23995983600616455, 0.09693923592567444, 0.31439048051834106, 0.23685018718242645, 0.5701174736022949, 0.5724707245826721, 0.7435627579689026, 0.5310192704200745, -0.1419585943222046, 0.5754227042198181, -0.22244901955127716, 0.5863887071609497, 0.31284046173095703, 0.08392998576164246, 0.08954548835754395, 0.5248629450798035, 0.5432465076446533, 0.24460193514823914, 1.0592162609100342, 0.7807669639587402, 0.8869234919548035, 0.674793004989624, 0.5588808059692383, 0.32357096672058105, 0.7208768725395203, 0.40945056080818176, 0.3160381317138672, 0.45434239506721497, 0.26185038685798645, 0.4646199643611908, 0.1019212156534195, 0.6090065240859985, 0.5356912612915039, 0.6524351239204407, -0.10320521891117096, 0.5527360439300537, 0.9356347918510437, 0.01058074738830328, 0.16819016635417938, 0.13107499480247498, 0.9002708792686462, 0.4230160415172577, 0.2133597731590271, 0.30590179562568665, -0.005842883605509996, -0.041328947991132736, 0.5592661499977112, 0.5301157236099243, 0.1655764877796173, 0.4648560881614685, 0.687727153301239, -0.03793798387050629, 0.21155495941638947, 0.23179994523525238, -0.01013603899627924, 0.5834381580352783, 0.494500994682312, 0.877491295337677, 1.014080286026001, -0.05297185480594635, -0.7116116285324097, 0.5505448579788208, -0.145222470164299], [0.019783278927206993, 0.34067395329475403, 0.3071080148220062, 0.965995192527771, 0.5552449226379395, 0.41480037569999695, -0.035020861774683, 0.6749661564826965, 0.13604654371738434, 0.3492748439311981, 0.053461600095033646, -0.9841208457946777, 0.3835269808769226, 0.6312273144721985, 0.18405212461948395, -0.2992051839828491, 0.5701689720153809, 0.42483338713645935, 0.679864227771759, 0.4816967248916626, 0.5811318755149841, 0.742327868938446, 0.36040690541267395, 0.4810016453266144, 0.32715126872062683, 0.951443612575531, -0.5154798626899719, 0.12851592898368835, 0.9422428011894226, 0.5191583037376404, 0.2114741951227188, 0.6802809238433838, 0.2871078848838806, -0.042507268488407135, 0.4221886098384857, 0.4706380069255829, 0.5359628796577454, 0.384881854057312, 0.31077006459236145, -0.01905263401567936, 0.5391467809677124, 1.1082487106323242, 0.011893038637936115, -0.2836194634437561, 0.03069518506526947, -0.2546791732311249, 2.1011488570366055e-05, 0.21416796743869781, -0.04253280907869339, 0.3581714630126953, 0.4341171383857727, 0.6799613237380981, 0.32309022545814514, -0.15795348584651947, -0.06391818076372147, 0.8136919140815735, -0.06948624551296234, -0.02491116151213646, -0.27626359462738037, 0.2462679147720337, 0.6163433194160461, 0.5477421283721924, 0.361032634973526, -0.19426779448986053], [0.27532514929771423, 0.8362233638763428, 0.5156108736991882, 0.7190420627593994, 0.6743025183677673, -0.07935541868209839, -0.06604599952697754, 0.9647207260131836, 0.9916611313819885, 0.18635649979114532, 0.689227819442749, -0.9313559532165527, 0.2799418568611145, -0.03761743754148483, -0.024698421359062195, -0.10997258126735687, 1.1476187705993652, -0.2897668778896332, 0.7826527953147888, -0.4389674663543701, 0.8014505505561829, 0.2628845274448395, 0.11490079015493393, 0.9236440062522888, 0.05521167814731598, 0.967469334602356, 0.05975484848022461, -0.07906468957662582, 0.5770890712738037, 0.3526472747325897, 0.1622328758239746, -0.04194715991616249, -0.14663007855415344, 0.8627157211303711, 0.3855039179325104, 1.027166724205017, -0.49168676137924194, 0.5218706130981445, 0.16595616936683655, 0.4164815843105316, 0.4891144335269928, 0.9113409519195557, 0.6030234098434448, 0.472900927066803, 0.14684347808361053, 0.6772827506065369, 0.6520700454711914, -0.07161594182252884, 0.28163331747055054, 1.2638897895812988, 0.4388294517993927, 0.5306315422058105, -0.20052318274974823, 0.49121108651161194, 0.6138390898704529, 0.7019388675689697, -0.18658241629600525, -0.4466495215892792, 0.6083560585975647, -0.11458615958690643, -0.20737572014331818, 0.11495887488126755, -0.2382744401693344, 0.7193771004676819]]
1	0.536221563816	56.0530014038	[-0.10283755511045456, 0.47117066383361816, 0.7128834128379822, 0.7859432101249695, 0.7128834128379822, 0.7859432101249695, 0.23886558413505554, 0.7366293668746948, 0.5479323267936707, 0.47280171513557434]	[95.90259552001953, 61.889686584472656, 44.52999496459961, 38.19200134277344, 44.52999496459961, 38.19200134277344, 76.18040466308594, 42.55492401123047, 56.77471923828125, 61.7836799621582]	[[1.0, -0.4946309030056, -0.678678035736084, -0.7287030220031738, -0.7478236556053162, -0.7345645427703857, -0.10283755511045456, -0.7133241891860962, -0.5278359651565552, -0.5420722365379333], [-0.4946309030056, 1.0, 0.2893078327178955, 0.4079495072364807, 0.3694860339164734, 0.42327022552490234, -0.08093036711215973, 0.3909625709056854, 0.46878477931022644, 0.47117066383361816], [-0.678678035736084, 0.2893078327178955, 0.9999998807907104, 0.6704813241958618, 0.7128834128379822, 0.6217978596687317, 0.23886558413505554, 0.527929425239563, 0.505998969078064, 0.46987825632095337], [-0.7287030220031738, 0.4079495072364807, 0.6704813241958618, 1.0, 0.6162378787994385, 0.7859432101249695, 0.19389304518699646, 0.7061769962310791, 0.5037925243377686, 0.47280171513557434], [-0.7478236556053162, 0.3694860339164734, 0.7128834128379822, 0.6162378787994385, 1.0, 0.6816712021827698, 0.1423381268978119, 0.6609708070755005, 0.5479323267936707, 0.40254807472229004], [-0.7345645427703857, 0.42327022552490234, 0.6217978596687317, 0.7859432101249695, 0.6816712021827698, 0.9999998807907104, 0.15269050002098083, 0.7366293668746948, 0.4914409816265106, 0.40235933661460876], [-0.10283755511045456, -0.08093036711215973, 0.23886558413505554, 0.19389304518699646, 0.1423381268978119, 0.15269050002098083, 0.9999998807907104, 0.0675133615732193, -0.03838271647691727, -0.1539919078350067], [-0.7133241891860962, 0.3909625709056854, 0.527929425239563, 0.7061769962310791, 0.6609708070755005, 0.7366293668746948, 0.0675133615732193, 0.9999998807907104, 0.4383137822151184, 0.46174052357673645], [-0.5278359651565552, 0.46878477931022644, 0.505998969078064, 0.5037925243377686, 0.5479323267936707, 0.4914409816265106, -0.03838271647691727, 0.4383137822151184, 0.9999999403953552, 0.4497529864311218], [-0.5420722365379333, 0.47117066383361816, 0.46987825632095337, 0.47280171513557434, 0.40254807472229004, 0.40235933661460876, -0.1539919078350067, 0.46174052357673645, 0.4497529864311218, 0.9999998807907104]]	[[0.0, 119.64541625976562, 132.7404327392578, 136.77777099609375, 138.40220642089844, 137.2704315185547, 95.90259552001953, 135.5060272216797, 121.8593521118164, 122.82481384277344], [119.64541625976562, 0.0, 73.18347930908203, 65.92390441894531, 68.31607818603516, 64.95877838134766, 94.64204406738281, 66.98558807373047, 62.04456329345703, 61.889686584472656], [132.7404327392578, 73.18347930908203, 0.02797645330429077, 47.895774841308594, 44.52999496459961, 51.55245590209961, 76.18040466308594, 58.134342193603516, 59.60231018066406, 61.973609924316406], [136.77777099609375, 65.92390441894531, 47.895774841308594, 0.0, 51.95808029174805, 38.19200134277344, 78.81993865966797, 45.075286865234375, 59.74877166748047, 61.7836799621582], [138.40220642089844, 68.31607818603516, 44.52999496459961, 51.95808029174805, 0.0, 47.02561950683594, 81.81682586669922, 48.62604522705078, 56.77471923828125, 66.26243591308594], [137.2704315185547, 64.95877838134766, 51.55245590209961, 38.19200134277344, 47.02561950683594, 0.02797645330429077, 81.21712493896484, 42.55492401123047, 60.564666748046875, 66.27424621582031], [95.90259552001953, 94.64204406738281, 76.18040466308594, 78.81993865966797, 81.81682586669922, 81.21712493896484, 0.02797645330429077, 86.12882232666016, 92.19970703125, 98.85833740234375], [135.5060272216797, 66.98558807373047, 58.134342193603516, 45.075286865234375, 48.62604522705078, 42.55492401123047, 86.12882232666016, 0.02797645330429077, 64.00365447998047, 62.50052261352539], [121.8593521118164, 62.04456329345703, 59.60231018066406, 59.74877166748047, 56.77471923828125, 60.564666748046875, 92.19970703125, 64.00365447998047, 0.01978234015405178, 63.27216339111328], [122.82481384277344, 61.889686584472656, 61.973609924316406, 61.7836799621582, 66.26243591308594, 66.27424621582031, 98.85833740234375, 62.50052261352539, 63.27216339111328, 0.02797645330429077]]	[[-2.7091338634490967, -1.3643444776535034, -2.8608174324035645, -1.947723627090454, -1.0565701723098755, -3.024510622024536, -1.223371982574463, -1.665964126586914, -2.0509824752807617, -0.9677743911743164, -2.702608823776245, -0.8802193403244019, -2.1282994747161865, -0.7891215085983276, -0.9074545502662659, -0.27401843667030334, -2.515207052230835, -1.8700436353683472, -1.01025390625, -2.3194377422332764, -1.5898005962371826, -2.4883391857147217, -1.9071842432022095, -1.628535270690918, -0.927162230014801, -2.6739139556884766, -0.5013242363929749, -3.4541945457458496, -2.2019736766815186, -2.616928815841675, -0.7917822003364563, -2.3221843242645264, -1.8798192739486694, -0.4467657804489136, -2.4091689586639404, -0.7826442122459412, -1.2710624933242798, -0.9984409809112549, -0.6665601134300232, -1.4950450658798218, -3.7033493518829346, -1.5047991275787354, -2.273252487182617, -1.6965982913970947, -2.0739710330963135, -1.3393065929412842, -2.7366044521331787, -1.067321538925171, -0.9558995962142944, -0.6210176348686218, -2.312786102294922, -2.2455780506134033, -0.8441526293754578, -1.9243279695510864, -0.43947580456733704, -1.726534128189087, -1.125631332397461, -1.5430516004562378, -2.967392683029175, -2.368516206741333, -2.821737051010132, 1.7320847511291504, 0.10698003321886063, -2.203564405441284], [0.2452315241098404, 0.31440094113349915, 0.5128355622291565, -0.10106799751520157, 0.3321146070957184, 0.16056664288043976, -0.000603945751208812, 0.35102421045303345, 0.9051968455314636, -0.4149250090122223, -0.038154322654008865, -1.0754637718200684, 1.3230719566345215, -0.3821512758731842, 0.6633192896842957, 0.903984546661377, 0.7973788380622864, 0.4623546004295349, 0.0215965174138546, -0.06156020611524582, 0.3900325298309326, 0.41749173402786255, -0.22051642835140228, 0.04680578038096428, 0.9581497311592102, 0.9039367437362671, -1.2982752323150635, 0.5159260034561157, 0.3910427987575531, 0.5124608278274536, 0.6876131296157837, 0.6998991966247559, -0.3859158456325531, -0.0844150185585022, -0.19251935184001923, -0.09568080306053162, 0.6567745208740234, 0.871300995349884, 0.145091712474823, 0.47405338287353516, 0.8283957839012146, 0.309273898601532, -0.17503966391086578, 0.7865332961082458, 0.7590451240539551, -0.057651400566101074, -0.30362993478775024, 0.23362556099891663, 0.27190789580345154, 1.1566109657287598, -0.10307737439870834, 0.23669007420539856, -0.021120769903063774, 0.0022414280101656914, 0.3597049415111542, 0.2678931653499603, -0.5331730246543884, 0.11919725686311722, 0.555854320526123, 0.07312361150979996, 0.6878085136413574, -0.2079440951347351, 0.6709480881690979, 0.29062172770500183], [0.9405307769775391, 1.335585594177246, 0.6511097550392151, 1.132974624633789, -0.3202425241470337, 1.44315767288208, -0.07011254876852036, 0.5807262659072876, 0.856033444404602, 0.07398911565542221, 0.3486975133419037, -0.30921483039855957, 1.7386128902435303, 1.3848084211349487, -0.062251366674900055, -0.28508350253105164, 0.6778681874275208, 0.2471199631690979, 0.20123399794101715, 0.08770664036273956, 1.0176341533660889, 0.5939343571662903, 0.32210400700569153, 1.3419760465621948, -0.5850887894630432, 0.12832759320735931, 0.5598527193069458, 0.13792459666728973, 0.173176109790802, 0.4106130003929138, -0.3387576937675476, 1.291286826133728, 0.33482396602630615, 0.8381632566452026, 0.26006701588630676, 1.2155579328536987, 0.8663190603256226, 0.8531047105789185, 0.3357812762260437, 0.17607389390468597, 0.09457314759492874, 0.8397918343544006, 0.7937551736831665, 0.6992408633232117, 0.23286491632461548, 0.6019015908241272, 0.6573724746704102, 1.0916674137115479, 1.104620099067688, -0.39334574341773987, 0.49152255058288574, 0.35131487250328064, 0.48627597093582153, 1.1598948240280151, 0.09007354080677032, 1.0787113904953003, 0.46805593371391296, 0.05569003149867058, -0.4766366183757782, 0.6060514450073242, 0.9377570152282715, -0.9814347624778748, -0.13204425573349, 0.39251136779785156], [-0.05558034032583237, 0.7263036370277405, 0.09532978385686874, 0.18758051097393036, 0.3924705982208252, 0.505246639251709, -0.21520569920539856, 0.26829710602760315, 0.830220639705658, 0.18675801157951355, 0.8766312599182129, -0.008046845905482769, 0.3127909302711487, 0.023806417360901833, 0.30818742513656616, 0.13780179619789124, 0.8581824898719788, 0.18241329491138458, 0.7787104249000549, 0.6080507636070251, 0.967174768447876, 0.5194891691207886, -0.03836021572351456, 0.27109161019325256, -0.06741828471422195, 0.5719004273414612, 0.40413594245910645, 0.48249125480651855, 0.4047467112541199, 0.10642680525779724, 0.05044718459248543, 1.1618906259536743, 0.05260699614882469, 0.42563411593437195, 0.37407031655311584, 0.1536577194929123, 1.0605311393737793, 0.42299947142601013, 0.05690278485417366, 0.6099254488945007, 0.4159887731075287, 1.096311330795288, 0.8267791271209717, 0.12932999432086945, 0.17944906651973724, -0.21930941939353943, 0.07071847468614578, 1.0734336376190186, 0.4924345016479492, 0.3368397355079651, 0.8067709803581238, 0.6375568509101868, -0.20894134044647217, 0.2635074555873871, -0.12376043200492859, 0.7773756980895996, 1.061868667602539, 0.8670468330383301, 0.29375648498535156, 0.6239479184150696, 0.5827019810676575, -1.4148224592208862, 0.06796913594007492, 0.3554078936576843], [0.7751840353012085, 0.27316153049468994, 0.31926068663597107, 1.0732537508010864, 0.21851962804794312, 0.913318932056427, 0.044155754148960114, 0.4423689544200897, 0.5036026835441589, -0.12839557230472565, 0.5304378271102905, -0.08054223656654358, 0.22313649952411652, 0.0890674963593483, 0.5478129982948303, -0.09459232538938522, 0.40044498443603516, 0.6933919787406921, 0.1191096305847168, 0.5708438754081726, 0.5085381269454956, 0.4793822467327118, 0.5204287767410278, 1.0299068689346313, 0.26096001267433167, 0.4746149778366089, -0.08841774612665176, 0.5347608327865601, 0.5589869022369385, 0.0038325325585901737, 0.6868912577629089, 0.8784910440444946, 0.5716894268989563, 0.49377739429473877, 0.3959485590457916, 0.040948476642370224, 0.2964076101779938, 0.9895191192626953, 0.7145569920539856, 0.09059668332338333, 0.19404201209545135, 0.3652133047580719, 0.4563386142253876, 0.5720536708831787, 0.036345575004816055, -0.0985805094242096, 0.5359779596328735, 0.26510754227638245, 0.5449410676956177, -0.5044857263565063, 0.8969371318817139, 0.23271894454956055, 0.74581378698349, 0.5775471925735474, 0.6322221159934998, 0.20024952292442322, 0.22958238422870636, 0.25015875697135925, -0.1725635677576065, 0.3396114110946655, 0.21409320831298828, -0.6842765808105469, -0.029361603781580925, -0.013102173805236816], [0.5704938173294067, 0.7660306692123413, 0.7834075689315796, 0.0005285674124024808, 0.1034926101565361, 0.16940659284591675, -0.011485944502055645, 0.3203861117362976, 0.19420306384563446, 0.33890166878700256, 0.7263338565826416, 0.1359245479106903, 0.4507125914096832, 0.6249004006385803, 0.08460035920143127, 0.462149441242218, 0.7446532249450684, 0.5686725974082947, 0.4523237645626068, 1.3017752170562744, 0.3039074242115021, 0.6627640724182129, 0.27863991260528564, 0.713629961013794, 0.2239851951599121, 0.7471163868904114, 0.29269513487815857, 0.18807686865329742, 0.0739913359284401, 0.3223370909690857, 0.4993794858455658, 0.20024695992469788, -0.018862741068005562, 0.0998242199420929, 0.23028230667114258, 0.1041661873459816, 0.9616146683692932, 0.68892902135849, 0.06807856261730194, 0.6541354060173035, 0.2952755093574524, 0.9055998921394348, 0.40390312671661377, 0.09012234210968018, 0.19309459626674652, -0.09069791436195374, 0.26174819469451904, 0.7763761281967163, 0.27135342359542847, 0.15938633680343628, 0.9599518179893494, 0.47245749831199646, 0.3139340579509735, 0.23246504366397858, 0.47810062766075134, 0.1766747385263443, 0.10229307413101196, 0.7564243078231812, 0.15658649802207947, 0.5686981678009033, 0.35707470774650574, -1.438362717628479, 0.15340514481067657, -0.09810896217823029], [0.4566389322280884, -0.49772384762763977, 0.3185913562774658, 0.6567451357841492, -1.3817812204360962, 1.1608127355575562, -1.1848336458206177, 0.10140512883663177, -1.0532753467559814, 0.3183269798755646, -0.03546819090843201, 0.6347939968109131, 0.11705468595027924, -1.1914764642715454, 0.3047443926334381, -0.15071147680282593, -0.6192879676818848, 1.0037651062011719, 0.27082356810569763, 0.18826717138290405, 0.1840774118900299, 0.3633415699005127, 0.08447246253490448, 0.4517883360385895, -0.8888615369796753, -0.2117132693529129, -0.1967218816280365, -0.3646901547908783, -1.7775914669036865, 0.41506335139274597, -1.5325411558151245, 0.8547627925872803, 0.528135359287262, -0.7359169125556946, -0.44632017612457275, 0.03830590471625328, 0.9876507520675659, -0.06898174434900284, -0.23887650668621063, 0.5049329996109009, -0.30739927291870117, -0.214727982878685, 0.7314577698707581, 0.91996169090271, -1.0283896923065186, 0.6618992686271667, -0.20828408002853394, -0.3735610246658325, 0.7789595723152161, 0.32269182801246643, 0.3499184846878052, 0.5858857035636902, 1.3029741048812866, -0.6886155605316162, -1.194326639175415, 0.3650320768356323, 1.0404471158981323, -0.21707747876644135, 0.018637729808688164, 0.10011570155620575, 0.9770026803016663, -1.779994010925293, 0.22580192983150482, -0.7510616183280945], [-0.06944317370653152, 0.2210521101951599, 0.09382515400648117, 0.22325345873832703, 0.19365715980529785, 0.6085925698280334, 0.6853026747703552, 0.6942154765129089, 0.49226492643356323, -0.1632225662469864, 0.5413286089897156, -0.4235859513282776, 0.5381709337234497, 0.22211091220378876, 0.05583987385034561, 0.020846465602517128, 0.4954029321670532, 0.5060357451438904, 0.22927965223789215, 0.8924519419670105, 0.7267802357673645, 0.8206190466880798, 0.635136604309082, 0.5149213075637817, 0.2490842342376709, 0.6738291382789612, 0.42819997668266296, 0.2961840331554413, 0.4234142303466797, 0.24621687829494476, 0.42113229632377625, 0.012037676759064198, 0.86668860912323, 0.48914608359336853, 0.6090416312217712, -0.11490117013454437, 0.5013388395309448, 0.8744910359382629, -0.004150567576289177, 0.1104525700211525, 0.12239344418048859, 0.8251772522926331, 0.39751335978507996, 0.15762992203235626, 0.27883243560791016, -0.0663672611117363, -0.0483793169260025, 0.31194448471069336, 0.5344501733779907, -0.04422843083739281, 0.4317178726196289, 0.6430144309997559, -0.03539693355560303, 0.17295671999454498, 0.21088626980781555, -0.024438820779323578, 0.5355162620544434, 0.4454810917377472, 1.2938326597213745, 0.9391089677810669, -0.049393508583307266, -1.2581673860549927, 0.5069664716720581, -0.1617605984210968], [0.0077463616617023945, 0.3328336179256439, 0.3029274344444275, 0.9149540066719055, 0.5178465247154236, 0.3541102707386017, -0.08497541397809982, 0.6600468754768372, 0.1298610270023346, 0.305052787065506, 0.049488939344882965, -1.1522140502929688, 0.36959096789360046, 0.5898582935333252, 0.15815381705760956, -0.35707271099090576, 0.5552977323532104, 0.4172937572002411, 0.6690666079521179, 0.5131273865699768, 0.5704909563064575, 0.7227514982223511, 0.3531727194786072, 0.46832379698753357, 0.24742275476455688, 0.934594452381134, -0.6853330731391907, 0.12608538568019867, 0.9257374405860901, 0.5087446570396423, 0.19892899692058563, 0.6682088375091553, 0.17823542654514313, -0.04955744370818138, 0.4125020503997803, 0.4455983638763428, 0.5165063142776489, 0.3746160566806793, 0.2938629984855652, -0.03581460565328598, 0.5295495390892029, 1.1042499542236328, 0.011509460397064686, -0.3996962010860443, 0.026034517213702202, -0.3872060775756836, -0.0030956007540225983, 0.282412588596344, -0.08682222664356232, 0.16118521988391876, 0.4181879162788391, 0.6645587086677551, 0.31735289096832275, -0.17516472935676575, -0.06725438684225082, 0.7817656397819519, -0.07498592883348465, -0.0402139388024807, -0.6849450469017029, 0.23638880252838135, 0.6052520871162415, 0.4565189778804779, 0.3604726791381836, -0.22093823552131653], [0.24287310242652893, 0.7809213995933533, 0.4805930256843567, 0.6326025724411011, 0.6221828460693359, -0.1570877879858017, -0.12830020487308502, 0.9021601676940918, 0.9261187314987183, 0.176827073097229, 0.6389884948730469, -1.3157073259353638, 0.26336047053337097, -0.07168097794055939, -0.023513028398156166, -0.13001279532909393, 1.067089319229126, -0.2703910768032074, 0.7296398282051086, -0.45600736141204834, 0.7473058104515076, 0.24595849215984344, 0.10704673826694489, 0.8632076978683472, 0.02290583960711956, 0.9026346206665039, 0.015049038454890251, -0.07176997512578964, 0.5385358333587646, 0.3369341790676117, 0.1492064893245697, -0.12103871256113052, -0.17790493369102478, 0.8041446805000305, 0.3600652515888214, 0.9561283588409424, -0.46869248151779175, 0.48398712277412415, 0.15295648574829102, 0.34563148021698, 0.45626577734947205, 0.8622917532920837, 0.5627530217170715, 0.4243946969509125, 0.13746193051338196, 0.6935519576072693, 0.6061784625053406, -0.1458815187215805, 0.19002509117126465, 1.3995494842529297, 0.4112689197063446, 0.5059305429458618, -0.1871977299451828, 0.4591395854949951, 0.5677343606948853, 0.6562290191650391, -0.17406171560287476, -0.4189401865005493, 1.1121553182601929, -0.10568897426128387, -0.19302381575107574, -0.4603867828845978, -0.21954983472824097, 0.6675988435745239]]
